




00
00
00
00
00
00
00
00
00
00
00
00
19
00
00
00
00
00
00
00
00
00
00
00
00
00
00
00
00
00
00
00
5
00
00
01
1
-7
00
00
00
02
01
04
03
02
01
00
00
00
03
00
01
00
12
12
00
00
10
00
05
11
00
03
05
04
05
00
07
21
00
00
05
06
00
00
00
00
08
00
00
00
01
02
00
00
01
00
01
04
00
00
02
00
2
02
00
00
00
00
00
00
01
07
00
00
06
03
02
00
00
00
08
00
00
01
00
00
08
00
07
01
01
02
00
02
05
01
00
05
00
07
00
00
01
04
05
16
02
02
03
00
03
3
03
23
03
00
20
00
00
00
03
03
00
5
00
00
00
1
00
02
02
02
00
00
00
03
02
03
00
04
00
00
00
03
01
02
03
03
00
01
01
00
00
00
00
00
02
00
17
01
00
00
00
02
00
02
02
00
00
00
04
00
00
04
00
00
00
01
02
01
00
05
04
00
02
00
00
01
00
00
11
00
06
00
00
00
00
02
02
05
06
07
00
04
00
00
01
02
00
00
07
03
00
03
01
00
00
00
09
04
00
04
00
00
00
00
13
04
00
00
05
02
01
00
02
06
01
02
03
01
00
05
02
02
01
01
00
00
03
00
00
00
02
00
05
05
3
04
04
04
00
00
00
04
00
06
00
02
00
00
00
00
00
05
00
00
00
00
00
01
00
02
00
20
06
03
2
01
00
01
02
02
16
04
06
00
01
01
00
00
00
21
00
00
10
00
22
01
04
00
00
00
00
04
00
00
00
4
03
00
02
16
20
00
05
1
01
00
03
00
20
8
02
20
1
04
00
20
00
00
00
00
02
00
00
00
01
00
03
02
01
3
00
00
6
01
00
02
00
00
1
02
00
00
00
00
00
00
00
00
00
01
01
18
00
00
00
02
00
00
00
01
07
00
00
02
02
02
00
02
00
02
00
00
00
04
00
00
00
4
4
00
00
00
00
00
03
00
02
02
00
00
00
00
00
18
18
02
06
06
02
03
00
2
00
01
00
00
00
00
00
00
00
00
03
00
10
22
00
2
00
00
00
00
00
00
01
00
00
01
01
02
03
01
01
00
01
02
02
16
2
02
03
00
01
00
00
00
3
01
06
06
04
00
00
00
00
00
6
00
00
00
00
1
01
00
2
00
00
02
02
00
01
02
02
02
01
26
00
00
00
00
00
00
01
27
00
07
03
02
00
00
00
01
00
03
02
6
02
01
06
00
00
00
00
04
00
00
01
00
00
00
7
1
00
00
01
00
01
01
00
00
7
06
00
02
2
00
01
00
00
06
09
00
10
01
00
00
00
00
00
4
00
00
02
00
00
00
01
00
07
00
00
00
00
00
00
00
00
1
1
03
00
00
00
00
00
23
8
00
00
00
00
00
00
14
00
1
00
04
00
00
00
01
00
00
00
00
00
00
00
00
00
00
00
00
00
00
00
00
02
00
00
00
00
00
00
00
00
02
00
00
00
00
00
03
00
20
01
01
00
00
02
03
01
00
00
00
00
00
00
00
00
00
00
00
00
00
00
00
00
00
00
00
03
01
00
00
01
00
00
01
1
00
02
00
00
00
00
00
00
00
00
00
02
00
8
02
02
11
00
00
00
00
00
00
00
00
00
00
00
01
00
00
00
00
00
00
00
00
00
00
00
01
01
02
01
02
01
01
01
01
02
01
00
04
00
00
04
04
00
00
02
02
00
00
00
04
00
00
04
00
00
00
05
00
05
00
00
05
00
05
00
00
00
00
05
00
00
00
00
00
00
00
00
00
00
04
00
00
00
05
00
00
05
05
05
00
00
04
02
05
06
02
06
00
00
06
02
00
06
06
00
00
06
06
00
00
06
06
00
06
00
05
06
00
06
06
00
00
02
06
01
07
01
01
07
00
07
07
07
07
00
07
00
20
21
21
00
02
1
02
1
1
02
1
1
1
02
01
00
00
1
02
02
1
02
1
1
00
00
00
04
04
00
1
1
1
1
1
1
1
1
00
07
1
02
1
1
1
1
02
01
1
00
00
1
00
1
02
00
1
01
00
00
00
1
02
00
00
2
00
01
02
00
02
01
03
00
02
00
00
04
03
02
05
00
00
00
00
2
03
00
00
00
00
00
00
00
04
04
00
2
2
2
2
00
00
01
00
00
00
00
00
00
16
00
02
10
00
00
-7
-7
00
00
00









