




































22



01

























































02
















































23











01



19






























































00



































12





























15





























00






























21







07





02


23
















02


02





18






































03
03






















10















15




















19







03









01




19


02










05







19











17














15
15








04



20














18

















18
18







22






00

04










































































23













21


21












































































































































01

01
01

01
01
01




02


02

02
02






04
05
05
05
05
05
05
06


06

06
05
06
06


06


06

08


23




01



01



















06











07
07
07
07





























