96.90
96.78
96.78
96.79
96.80
96.83
96.82
96.80
96.83
96.81
96.80
96.81
96.80
96.81
96.76
96.60
96.62
96.58
96.60
96.66
96.61
96.68
96.65
96.60
96.62
96.57
96.61
96.61
96.61
96.61
96.62
96.60
96.59
96.63
96.58
96.61
96.60
96.61
96.62
96.66
96.58
96.60
96.62
96.65
96.56
96.65
96.62
96.62
96.63
96.62
96.64
96.63
96.58
96.62
96.65
96.59
96.64
96.60
96.62
96.63
96.60
96.60
96.64
96.60
96.64
96.57
96.62
96.64
96.60
96.65
96.63
96.62
96.64
96.63
96.64
96.64
96.64
96.61
96.61
96.66
96.63
96.70
96.63
96.62
96.62
96.60
96.58
96.62
96.61
96.65
96.65
96.60
96.60
96.63
96.60
96.61
96.61
96.58
96.61
96.60
96.62
96.58
96.63
96.68
96.67
96.61
96.62
96.62
96.62
96.59
96.61
96.64
96.61
96.59
96.60
96.59
96.65
96.65
96.63
96.65
96.62
96.59
96.61
96.64
96.62
96.63
96.63
96.61
96.70
96.55
96.61
96.65
96.61
96.60
96.62
96.59
96.62
96.63
96.63
96.61
96.62
96.62
96.64
96.60
96.63
96.60
96.65
96.63
96.61
96.63
96.58
96.62
96.61
96.64
96.61
96.64
96.60
96.61
96.64
96.63
96.63
96.63
96.62
96.60
96.55
96.61
96.64
96.57
96.64
96.62
96.63
96.60
96.61
96.64
96.60
96.66
96.64
96.63
96.60
96.66
96.60
96.62
96.64
96.63
96.65
96.63
96.60
96.63
96.59
96.65
96.61
96.67
96.63
96.65
96.74
96.64
96.62
96.61
96.62
96.61
96.62
96.62
96.63
96.62
96.62
96.57
96.63
96.65
96.67
96.64
96.66
96.58
96.64
96.61
96.64
96.59
96.59
96.62
96.64
96.60
96.63
96.63
96.63
96.63
96.60
96.66
96.60
96.63
96.58
96.61
96.62
96.61
96.65
96.63
96.66
96.62
96.62
96.62
96.62
96.66
96.61
96.60
96.65
96.64
96.57
96.64
96.62
96.62
96.66
96.60
96.63
96.58
96.62
96.65
96.64
96.59
96.62
96.59
96.61
96.65
96.62
96.56
96.62
96.64
96.63
96.68
96.62
96.63
96.62
96.59
96.61
96.64
96.64
96.64
96.60
96.60
96.61
96.57
96.60
96.62
96.62
96.61
96.65
96.59
96.65
96.63
96.60
96.64
96.74
96.62
96.68
96.65
96.68
96.68
96.68
96.60
96.67
96.68
96.65
96.63
96.62
96.63
96.63
96.63
96.65
96.63
96.67
96.64
96.65
96.62
96.61
96.60
96.61
96.62
96.65
96.67
96.67
96.62
96.62
96.63
96.62
96.61
96.60
96.63
96.62
96.65
96.64
96.62
96.62
96.66
96.70
96.64
96.64
96.76
96.66
96.63
96.60
96.63
96.60
96.65
96.61
96.60
96.56
96.65
96.62
96.63
96.64
96.66
96.65
96.67
96.63
96.62
96.63
96.60
96.62
96.61
96.69
96.61
96.63
96.64
96.61
96.59
96.61
96.60
96.63
96.64
96.61
96.60
96.69
96.65
96.60
96.65
96.66
96.69
96.63
96.60
96.64
96.62
96.65
96.60
96.72
96.64
96.64
96.65
96.62
96.62
96.61
96.64
96.63
96.63
96.67
96.67
96.59
96.63
96.70
96.60
96.62
96.59
96.61
96.64
96.63
96.65
96.63
96.62
96.64
96.60
96.64
96.65
96.61
96.63
96.61
96.65
96.61
96.62
96.62
96.65
96.62
96.60
96.65
96.63
96.61
96.61
96.63
96.64
96.63
96.62
96.63
96.62
96.65
96.65
96.62
96.62
96.57
96.65
96.67
96.63
96.61
96.62
96.61
96.64
96.62
96.66
96.70
96.64
96.64
96.63
96.60
96.65
96.62
96.64
96.63
96.61
96.57
96.55
96.62
96.62
96.58
96.60
96.62
96.62
96.65
96.57
96.60
96.62
96.63
96.61
96.57
96.59
96.66
96.59
96.64
96.64
96.68
96.60
96.58
96.64
96.64
96.61
96.63
96.65
96.65
96.63
96.62
96.62
96.61
96.63
96.62
96.60
96.61
96.64
96.61
96.66
96.67
96.69
96.62
96.64
96.63
96.59
96.62
96.62
96.60
96.60
96.64
96.64
96.63
96.66
96.64
96.61
96.58
96.62
96.67
96.63
96.61
96.62
96.57
96.65
96.64
96.62
96.62
96.61
96.66
96.62
96.66
96.60
96.63
96.60
96.64
96.65
96.61
96.63
96.62
96.61
96.62
96.59
96.66
96.63
96.64
96.60
96.62
96.65
96.63
96.63
96.67
96.73
96.64
96.62
96.61
96.61
96.64
96.59
96.64
96.65
96.64
96.61
96.64
96.64
96.59
96.63
96.64
96.58
96.62
96.63
96.62
96.61
96.63
96.63
96.61
96.59
96.62
96.61
96.65
96.66
96.59
96.64
96.58
96.62
96.63
96.63
96.63
96.65
96.63
96.65
96.62
96.62
96.67
96.62
96.60
96.61
96.62
96.63
96.61
96.62
96.66
96.64
96.61
96.61
96.75
96.66
96.67
96.63
96.64
96.65
96.62
96.64
96.62
96.66
96.60
96.65
96.63
96.65
96.63
96.61
96.59
96.67
96.58
96.64
96.66
96.64
96.58
96.60
96.62
96.65
96.62
96.61
96.63
96.61
96.66
96.60
96.59
96.58
96.60
96.63
96.64
96.63
96.61
96.62
96.62
96.67
96.60
96.63
96.66
96.63
96.62
96.61
96.65
96.63
96.67
96.63
96.64
96.61
96.64
96.63
96.63
96.65
96.63
96.57
96.63
96.63
96.65
96.65
96.72
96.62
96.66
96.62
96.61
96.62
96.63
96.61
96.61
96.61
96.60
96.64
96.61
96.63
96.66
96.64
96.64
96.65
96.63
96.67
96.65
96.60
96.67
96.61
96.59
96.63
96.62
96.63
96.63
96.62
96.60
96.61
96.59
96.67
96.65
96.59
96.64
96.63
96.63
96.62
96.64
96.64
96.64
96.63
96.63
96.60
96.65
96.60
96.65
96.61
96.66
96.62
96.67
96.66
96.64
96.67
96.60
96.58
96.63
96.62
96.62
96.63
96.62
96.65
96.62
96.60
96.63
96.61
96.58
96.66
96.64
96.62
96.61
96.64
96.72
96.62
96.67
96.60
96.62
96.63
96.59
96.67
96.61
96.62
96.63
96.62
96.63
96.65
96.63
96.59
96.63
96.62
96.60
96.65
96.65
96.65
96.63
96.62
96.65
96.66
96.60
96.61
96.64
96.62
96.60
96.58
96.63
96.64
96.65
96.66
96.61
96.62
96.67
96.64
96.63
96.56
96.62
96.61
96.62
96.66
96.64
96.61
96.60
96.60
96.61
96.60
96.66
96.63
96.62
96.66
96.62
96.58
96.59
96.63
96.62
96.65
96.63
96.61
96.66
96.61
96.63
96.63
96.60
96.62
96.62
96.61
96.62
96.64
96.63
96.63
96.69
96.65
96.60
96.65
96.63
96.65
96.61
96.65
96.74
96.69
96.59
96.59
96.62
96.60
96.63
96.59
96.61
96.61
96.63
96.65
96.63
96.63
96.56
96.64
96.62
96.62
96.61
96.64
96.70
96.64
96.59
96.62
96.62
96.64
96.62
96.60
96.60
96.63
96.63
96.65
96.60
96.63
96.66
96.63
96.67
96.60
96.67
96.63
96.64
96.60
96.65
96.67
96.58
96.62
96.63
96.65
96.65
96.62
96.61
96.61
96.66
96.65
96.61
96.61
96.66
96.62
96.60
96.66
96.65
96.62
96.63
96.62
96.64
96.64
96.63
96.68
96.61
96.61
96.59
96.59
96.69
96.60
96.65
96.67
96.63
96.63
96.66
96.65
96.61
96.63
96.63
96.58
96.65
96.64
96.64
96.63
96.65
96.62
96.64
96.63
96.63
96.57
96.62
96.58
96.61
96.62
96.60
96.64
96.64
96.62
96.63
96.60
96.58
96.61
96.62
96.64
96.59
96.63
96.58
96.65
96.60
96.63
96.59
96.69
96.61
96.64
96.59
96.63
96.67
96.61
96.61
96.64
96.69
96.63
96.65
96.63
96.61
96.62
96.60
96.64
96.61
96.63
96.62
96.61
96.72
96.67
96.64
96.65
96.63
96.63
96.61
96.62
96.65
96.60
96.57
96.62
96.61
96.65
96.60
96.65
96.60
96.60
96.64
96.60
96.62
96.59
96.64
96.65
96.56
96.65
96.61
96.64
96.63
96.62
96.61
96.61
96.71
96.62
96.61
96.64
96.61
96.63
96.66
96.62
96.62
96.63
96.64
96.64
96.65
96.64
96.63
96.59
96.60
96.71
96.63
96.60
96.58
96.64
96.61
96.64
96.63
96.62
96.64
96.61
96.62
96.62
96.63
96.59
96.64
96.66
96.60
96.63
96.63
96.69
96.62
96.62
96.69
96.61
96.63
96.60
96.63
96.64
96.61
96.63
96.62
96.62
96.62
96.58
96.64
96.65
96.62
96.58
96.62
96.63
96.62
96.62
96.64
96.59
96.61
96.56
96.62
96.64
96.63
96.59
96.64
96.57
96.64
96.63
96.65
96.62
96.64
96.65
96.64
96.60
96.63
96.59
96.62
96.61
96.62
96.58
96.62
96.61
96.62
96.61
96.65
96.64
96.63
96.60
96.59
96.61
96.64
96.62
96.65
96.57
96.63
96.64
96.63
96.65
96.65
96.62
96.63
96.64
96.65
96.59
96.60
96.68
96.62
96.63
96.72
96.67
96.65
96.63
96.63
96.66
96.61
96.60
96.62
96.63
96.61
96.66
96.62
96.63
96.62
96.64
96.64
96.61
96.62
96.62
96.62
96.61
96.64
96.63
96.70
96.60
96.57
96.62
96.62
96.63
96.63
96.62
96.64
96.59
96.65
96.64
96.67
96.68
96.60
96.58
96.63
96.63
96.65
96.64
96.61
96.60
96.60
96.58
96.65
96.61
96.63
96.63
96.63
96.61
96.60
96.63
96.56
96.60
96.59
96.63
96.62
96.65
96.64
96.60
96.62
96.62
96.64
96.54
96.70
96.62
96.64
96.63
96.67
96.70
96.65
96.61
96.61
96.71
96.63
96.70
96.62
96.62
96.61
96.65
96.62
96.57
96.61
96.63
96.63
96.63
96.65
96.61
96.64
96.60
96.68
96.60
96.64
96.62
96.64
96.64
96.65
96.67
96.57
96.63
96.61
96.67
96.62
96.60
96.63
96.61
96.60
96.62
96.64
96.63
96.60
96.69
96.61
96.63
96.62
96.61
96.64
96.65
96.64
96.61
96.65
96.62
96.61
96.65
96.60
96.61
96.63
96.62
96.60
96.62
96.62
96.68
96.62
96.65
96.64
96.61
96.58
96.64
96.64
96.63
96.66
96.59
96.64
96.62
96.66
96.62
96.63
96.61
96.65
96.63
96.64
96.61
96.70
96.65
96.61
96.63
96.65
96.64
96.62
96.63
96.60
96.64
96.64
96.57
96.65
96.62
96.59
96.61
96.57
96.62
96.62
96.60
96.61
96.59
96.62
96.58
96.63
96.62
96.64
96.58
96.59
96.62
96.64
96.65
96.64
96.62
96.61
96.65
96.63
96.59
96.64
96.61
96.61
96.62
96.62
96.60
96.60
96.64
96.64
96.62
96.61
96.64
96.61
96.62
96.60
96.63
96.61
96.63
96.61
96.65
96.60
96.61
96.59
96.63
96.61
96.61
96.61
96.58
96.61
96.59
96.63
96.64
96.65
96.63
96.61
96.64
96.62
96.60
96.62
96.60
96.63
96.63
96.62
96.60
96.62
96.64
96.63
96.63
96.59
96.62
96.61
96.63
96.64
96.60
96.62
96.60
96.61
96.61
96.62
96.63
96.62
96.63
96.66
96.60
96.59
96.63
96.61
96.62
96.65
96.63
96.58
96.62
96.65
96.62
96.60
96.61
96.65
96.62
96.64
96.62
96.65
96.59
96.63
96.61
96.62
96.60
96.63
96.61
96.65
96.63
96.62
96.64
96.59
96.61
96.65
96.62
96.62
96.65
96.67
96.61
96.59
96.71
96.62
96.63
96.62
96.58
96.61
96.60
96.61
96.65
96.58
96.61
96.63
96.61
96.64
96.61
96.62
96.59
96.60
96.58
96.58
96.60
96.61
96.62
96.68
96.60
96.59
96.64
96.62
96.63
96.65
96.61
96.65
96.62
96.59
96.64
96.61
96.61
96.65
96.62
96.66
96.65
96.61
96.71
96.65
96.65
96.65
96.60
0.00
