100.00
100.00
99.98
99.99
99.96
99.98
99.96
99.96
99.95
99.97
99.98
100.00
100.00
99.98
99.97
99.98
100.00
100.00
100.00
99.99
99.99
99.97
99.98
99.96
99.96
99.96
99.97
99.99
100.00
99.98
99.95
99.98
99.99
100.00
99.99
99.95
99.99
99.98
99.97
99.99
99.97
99.96
99.96
99.98
99.98
99.99
99.99
99.96
99.98
99.99
100.00
100.00
99.99
99.95
99.98
99.97
99.99
99.97
99.96
99.95
99.97
99.95
99.99
99.98
99.97
99.99
99.99
99.99
100.00
100.00
100.00
99.95
99.97
99.99
99.98
99.97
99.94
99.98
99.99
99.94
99.98
99.99
99.99
100.00
99.99
99.99
99.98
99.97
99.97
99.96
100.00
99.97
99.96
99.94
99.96
99.99
99.97
99.96
99.98
99.98
100.00
100.00
99.98
99.99
99.99
99.96
99.96
99.97
100.00
99.99
99.95
99.91
99.98
99.99
99.96
99.99
99.98
99.98
100.00
100.00
99.99
99.99
99.99
99.96
99.97
99.97
100.00
99.99
99.96
99.92
99.98
99.97
99.97
99.99
99.97
99.99
100.00
100.00
99.99
99.99
100.00
99.97
99.96
99.97
100.00
99.99
99.96
99.91
99.97
99.99
99.98
99.99
99.97
99.99
100.00
100.00
100.00
99.99
100.00
99.97
99.96
99.99
99.98
99.99
99.95
99.94
99.97
99.97
100.00
99.99
99.97
99.99
100.00
100.00
100.00
99.98
99.99
99.99
99.96
99.99
99.98
99.98
99.95
99.95
99.99
99.98
99.99
99.98
99.98
99.99
100.00
100.00
100.00
99.98
99.99
99.97
99.99
99.97
99.98
99.96
99.97
99.99
99.98
100.00
99.99
99.98
99.99
100.00
100.00
100.00
99.99
99.97
99.97
99.99
99.97
99.96
99.98
99.97
99.97
99.98
99.99
99.98
99.99
99.99
100.00
100.00
100.00
100.00
99.97
99.96
99.97
99.96
99.96
99.98
99.97
99.94
99.98
99.99
99.99
100.00
99.99
100.00
100.00
100.00
100.00
99.99
99.96
99.96
99.97
99.95
99.99
99.99
99.91
99.98
99.94
99.98
100.00
99.99
99.99
100.00
100.00
100.00
100.00
99.97
99.95
99.98
99.95
99.99
99.99
99.96
99.95
99.99
99.94
99.99
100.00
99.99
99.99
100.00
100.00
100.00
100.00
99.94
99.98
99.96
99.97
99.99
99.98
99.97
99.98
99.99
99.96
99.99
100.00
99.99
99.99
100.00
100.00
100.00
99.98
99.96
99.97
99.98
99.99
99.98
99.94
99.96
99.98
99.97
99.99
100.00
99.99
99.99
100.00
100.00
100.00
99.97
99.96
99.98
99.98
99.98
99.99
99.97
99.96
99.96
99.94
99.99
100.00
99.99
99.99
100.00
100.00
100.00
99.97
99.96
99.98
99.98
99.98
99.99
99.97
99.96
99.98
99.95
99.97
100.00
100.00
99.99
99.99
100.00
99.99
99.98
99.97
99.96
99.93
99.96
99.97
99.93
99.97
99.98
99.99
99.95
99.99
100.00
100.00
99.99
99.99
100.00
99.98
99.97
99.98
99.96
99.97
99.94
99.96
99.94
99.98
99.96
99.97
99.97
100.00
100.00
100.00
99.99
99.99
99.99
99.98
99.97
99.97
99.96
99.99
99.97
99.96
99.99
99.93
99.99
99.98
99.98
100.00
100.00
100.00
99.98
99.99
99.98
99.97
99.97
99.99
99.98
99.96
99.98
99.98
99.99
99.94
99.99
99.98
99.98
100.00
100.00
100.00
99.99
99.96
99.99
99.96
99.99
99.98
99.99
99.95
99.98
99.99
99.95
99.94
99.99
99.98
99.98
99.99
100.00
100.00
99.98
99.98
99.98
99.98
99.99
99.98
99.98
99.95
99.99
99.99
99.94
99.97
99.97
99.99
99.99
100.00
100.00
99.98
99.99
99.98
99.98
99.99
99.99
99.98
99.96
99.98
99.99
99.99
99.95
99.95
99.99
99.99
100.00
100.00
99.98
99.99
99.98
99.98
99.99
99.99
99.99
99.99
99.95
99.99
99.98
99.98
99.94
99.99
100.00
100.00
100.00
99.98
99.99
99.98
99.99
99.98
99.61
99.53
99.56
99.52
99.53
99.49
99.54
99.50
99.56
99.55
99.56
99.54
99.57
99.55
99.55
99.54
99.53
99.56
99.53
99.56
99.56
99.54
99.51
99.51
99.56
99.54
99.56
99.57
99.56
99.53
99.56
99.56
99.53
99.54
99.55
99.56
99.55
99.53
99.57
99.52
99.51
99.54
99.57
99.54
99.56
99.55
99.55
99.50
99.54
99.53
99.54
99.54
99.51
99.56
99.54
99.55
99.56
99.52
99.53
99.53
99.56
99.52
99.54
99.53
99.54
99.50
99.53
99.53
99.54
99.55
99.54
99.56
99.57
99.57
99.56
99.52
99.51
99.52
99.55
99.52
99.53
99.54
99.53
99.53
99.54
99.57
99.54
99.54
99.57
99.56
99.53
99.55
99.52
99.52
99.55
99.54
99.55
99.54
99.55
99.54
99.53
99.55
99.56
99.57
99.54
99.53
99.54
99.55
99.54
99.53
99.52
99.57
99.55
99.54
99.54
99.53
99.55
99.53
99.57
99.55
99.52
99.53
99.54
99.56
99.49
99.33
99.26
99.28
99.26
99.24
99.25
99.35
99.30
99.22
99.23
99.24
99.26
99.28
99.29
99.24
99.27
99.28
99.24
99.32
99.35
99.25
99.19
99.24
99.22
99.20
99.32
99.37
99.37
99.12
99.04
99.03
99.02
99.04
99.06
99.04
99.03
99.04
99.08
99.06
98.97
99.03
99.03
99.01
99.03
99.06
99.05
99.05
99.04
99.05
99.03
99.02
99.03
99.20
99.14
99.05
99.07
99.04
99.06
99.19
99.05
99.07
99.12
99.06
99.22
99.11
99.06
99.05
99.07
99.07
99.19
99.10
99.09
99.18
99.07
99.20
99.13
99.05
99.09
99.08
99.08
99.18
99.07
99.08
99.20
99.05
99.23
99.15
99.04
99.11
99.09
99.09
99.12
99.10
99.06
99.18
99.08
99.19
99.14
99.05
99.09
99.10
99.08
99.18
99.11
99.10
99.17
99.09
99.20
99.08
99.03
99.10
99.08
99.08
99.19
99.10
99.09
99.16
99.09
99.24
99.09
99.05
99.10
98.92
98.75
98.82
98.73
98.74
98.79
98.74
98.83
98.75
98.73
98.75
98.75
98.77
98.82
98.77
98.76
98.79
98.76
98.84
98.74
98.74
98.74
98.74
98.75
98.82
98.77
98.81
98.74
98.78
98.81
98.73
98.74
98.73
98.75
98.75
98.83
98.73
98.81
98.75
98.81
98.83
98.73
98.74
98.74
98.75
98.75
98.82
98.77
98.78
98.74
98.81
98.80
98.73
98.75
98.78
98.50
98.42
98.45
98.46
98.45
98.39
98.47
98.46
98.36
98.42
98.44
98.40
98.42
98.40
98.45
98.41
98.41
98.45
98.40
98.38
98.38
98.42
98.42
98.44
98.42
98.39
98.39
98.42
98.47
98.37
98.36
98.38
98.41
98.39
98.39
98.46
98.41
98.37
98.43
98.47
98.35
98.40
98.38
98.36
98.40
98.41
98.43
98.37
98.42
98.46
98.52
98.40
98.35
98.41
98.47
98.40
98.67
98.40
98.52
98.70
98.36
98.33
98.42
98.48
98.44
98.46
98.59
98.37
98.62
98.52
98.25
98.30
98.35
98.38
98.31
98.52
98.39
98.38
98.51
98.38
98.30
98.34
98.34
98.42
98.34
98.59
98.29
98.45
98.51
98.27
98.27
98.30
98.31
98.34
98.37
98.47
98.29
98.49
98.38
98.53
98.63
98.43
98.33
98.41
98.57
98.32
98.55
98.56
98.37
98.35
98.62
98.43
98.33
98.40
98.45
98.42
98.57
98.48
98.39
98.41
98.62
98.43
98.42
98.50
98.48
98.38
98.42
98.34
98.32
98.37
98.42
98.36
98.33
98.54
98.38
98.31
98.42
97.98
97.89
98.19
98.08
97.96
98.01
98.14
97.97
98.07
98.00
97.94
98.00
98.00
98.04
97.95
98.07
98.07
97.99
98.07
97.95
97.89
98.07
97.96
98.06
98.04
98.01
98.02
98.10
98.04
97.98
98.10
97.99
97.90
97.89
98.13
98.20
97.94
98.18
98.02
98.04
98.12
98.01
97.97
97.88
98.07
98.12
98.05
98.06
98.06
98.09
98.23
98.03
98.04
97.97
98.08
97.99
98.25
98.01
98.07
98.20
98.17
98.03
98.01
98.09
97.98
98.02
98.16
98.08
98.01
98.29
98.12
98.02
98.04
98.08
98.11
97.94
97.94
98.11
98.01
98.05
97.93
97.94
98.04
98.16
98.01
98.15
97.90
98.00
98.20
98.19
98.04
97.97
98.05
98.20
98.10
98.11
98.03
97.94
98.35
98.22
98.07
98.12
98.05
98.15
98.26
98.11
98.10
97.98
98.28
98.12
98.08
98.10
98.14
98.09
98.23
98.13
98.10
98.28
97.92
98.08
98.10
98.16
98.22
98.13
97.97
97.96
97.97
98.32
98.09
98.02
98.11
98.20
98.22
97.92
97.89
98.05
98.09
98.08
98.04
97.90
98.12
98.23
98.18
98.06
97.94
98.03
98.14
97.99
97.96
98.05
97.90
98.12
98.12
97.97
97.99
98.01
98.11
97.93
98.00
97.97
98.19
97.88
97.99
97.95
97.98
98.05
97.92
97.96
97.99
97.91
98.07
98.16
97.85
98.00
97.98
98.14
97.90
98.09
98.13
98.17
98.04
97.96
98.06
97.92
98.11
98.14
98.07
97.97
98.08
98.04
98.05
97.90
98.03
98.06
97.90
98.02
98.08
98.07
98.02
98.19
97.99
98.00
98.01
98.09
98.17
97.91
98.04
98.06
98.02
98.05
97.93
97.92
97.96
98.15
98.05
98.08
97.94
97.95
98.24
97.99
97.96
98.04
97.95
98.01
98.05
98.07
98.12
97.90
98.00
97.95
97.91
98.03
98.13
97.99
98.06
98.14
98.07
98.02
97.86
97.92
98.07
97.99
98.29
98.06
97.97
98.13
98.01
98.00
97.97
97.89
98.11
98.03
98.21
98.07
98.01
98.06
98.03
97.90
97.95
97.98
97.96
98.23
98.03
98.07
98.13
97.97
97.91
98.01
97.96
97.93
98.55
99.96
99.47
99.86
99.80
98.81
99.99
99.40
99.41
99.98
99.08
99.99
99.65
99.47
100.00
99.05
99.99
99.52
99.27
99.98
99.29
99.99
99.91
99.50
99.99
86.21
49.98
50.01
50.01
50.00
49.97
50.00
50.01
50.01
49.99
49.98
50.01
50.01
50.00
49.97
50.00
50.01
50.01
49.99
49.99
50.01
50.01
50.00
49.99
49.99
50.01
50.01
49.99
49.99
50.01
50.01
50.00
49.98
49.99
50.01
50.01
50.00
49.98
50.01
50.01
50.00
49.99
49.99
50.01
50.01
50.00
49.98
50.01
50.01
50.01
49.99
49.98
50.01
50.01
50.00
49.98
50.01
50.01
50.01
50.00
49.99
50.01
50.01
50.01
49.99
50.01
50.00
49.98
50.00
49.99
50.01
50.01
50.01
50.00
50.01
50.01
49.97
50.00
49.99
50.01
50.01
50.01
50.00
50.01
50.01
49.97
50.00
49.99
50.01
50.01
50.01
50.00
50.01
50.01
50.00
49.98
50.00
50.00
50.01
50.01
50.00
50.01
50.01
49.98
49.97
50.00
50.00
50.01
50.00
50.00
50.00
50.01
50.00
49.97
50.00
49.99
50.01
50.00
49.99
50.01
50.01
71.69
99.61
99.36
99.71
99.68
99.56
99.50
99.52
99.68
99.93
99.66
99.56
99.60
99.61
99.60
99.73
99.45
99.52
99.54
99.62
99.32
99.32
99.33
97.92
97.66
98.05
99.57
98.95
99.56
98.97
99.54
99.27
99.45
99.30
99.20
99.55
99.22
99.56
99.26
99.50
98.65
99.55
98.96
99.54
99.19
99.34
99.57
99.19
99.43
99.23
99.46
98.58
99.27
99.57
99.57
99.57
99.58
99.56
99.56
99.55
99.55
99.56
99.56
99.60
99.56
99.55
99.65
99.44
99.54
99.48
99.50
99.59
99.55
99.55
99.56
99.57
99.56
99.58
99.58
99.57
99.59
99.59
99.53
99.54
99.56
99.55
99.58
99.46
99.55
99.56
99.56
99.55
99.59
99.57
0.00
0.00
